193877776
121550624
104060400
146410000
0
5764801
0
193877776
121550624
104060400
146410000
0
193877776
121550624
104060400
146410000
6250000
5308416
5308416
6250000
0
193877776
121550624
104060400
146410000
0
193877776
121550624
104060400
146410000
6250000
5308416
5308416
6250000
7311616
0
6765201
0
193877776
121550624
104060400
146410000
5764801
6765201
6765201
0
193877776
121550624
104060400
146410000
6250000
5308416
5308416
6250000
0
5764801
0
5764801
0
5764801
0
